WorkRaveStats 4
D 6 6 110 14 3 6 6 110 23 39
B 0 7 35 5 24 0 11 17 3950 
B 1 7 5 1 7 0 1 3 1204 
B 2 7 0 0 0 0 0 0 0 
m 6 11112 1404026 716499 186 6192 8883 
D 7 6 110 6 59 7 6 110 19 41
B 0 7 56 17 79 0 12 31 5810 
B 1 7 25 4 5 2 7 13 3163 
B 2 7 0 0 0 0 0 0 0 
m 6 23278 3340211 1695878 4981 11127 17370 
D 8 6 110 8 10 9 6 110 0 35
B 0 7 62 15 58 0 13 31 10739 
B 1 7 24 5 5 0 7 11 8547 
B 2 7 0 0 0 0 0 0 0 
m 6 27371 2684207 1675326 5830 10271 30491 
D 9 6 110 9 17 9 6 110 10 28
B 0 7 7 1 6 0 2 3 698 
B 1 7 1 0 3 1 0 0 30 
B 2 7 0 0 0 0 0 0 0 
m 6 2782 1389938 973009 3043 5203 9571 
D 10 6 110 4 0 10 6 110 4 0
B 0 7 0 0 0 0 0 0 0 
B 1 7 0 0 0 0 0 0 0 
B 2 7 0 0 0 0 0 0 0 
m 6 0 148392 85927 313 928 249 
D 11 6 110 14 31 11 6 110 14 31
B 0 7 0 0 0 0 0 0 0 
B 1 7 0 0 0 0 0 0 0 
B 2 7 0 0 0 0 0 0 0 
m 6 0 1337212 1070088 3178 6524 5949 
D 12 6 110 9 22 12 6 110 19 2
B 0 7 17 3 16 1 4 9 2326 
B 1 7 9 1 5 0 2 3 2426 
B 2 7 0 0 0 0 0 0 0 
m 6 6381 2418400 1353948 4059 6654 16083 
D 13 6 110 8 24 13 6 110 23 11
B 0 7 70 13 47 0 19 32 8836 
B 1 7 18 5 4 1 6 10 4276 
B 2 7 0 0 0 0 0 0 0 
m 6 20510 3393883 1611474 171 9154 17088 
D 14 6 110 7 23 14 6 110 19 12
B 0 7 16 0 42 0 5 7 3325 
B 1 7 5 3 4 0 0 3 923 
B 2 7 0 0 0 0 0 0 0 
m 6 16871 3030770 1446515 99 9622 16822 
D 15 6 110 7 20 15 6 110 23 52
B 0 7 21 3 56 0 6 11 3705 
B 1 7 6 4 9 0 0 4 1415 
B 2 7 0 0 0 0 0 0 0 
m 6 18922 2655823 1368047 1 7084 18899 
D 16 6 110 9 36 16 6 110 18 53
B 0 7 10 1 38 0 1 4 1779 
B 1 7 6 2 9 0 1 3 2459 
B 2 7 0 0 0 0 0 0 0 
m 6 10159 1513930 760584 37 3586 9302 
D 19 6 110 9 16 19 6 110 18 38
B 0 7 24 5 22 0 6 12 5182 
B 1 7 8 5 5 1 2 7 1895 
B 2 7 0 0 0 0 0 0 0 
m 6 15961 2682320 1370700 4463 7193 21837 
D 20 6 110 8 41 20 6 110 21 53
B 0 7 26 5 38 0 7 13 5863 
B 1 7 10 2 7 2 2 5 3375 
B 2 7 0 0 0 0 0 0 0 
m 6 20170 2584644 1345086 0 6388 19809 
D 21 6 110 8 19 21 6 110 16 34
B 0 7 17 1 32 0 5 7 3562 
B 1 7 5 2 5 0 3 4 1294 
B 2 7 0 0 0 0 0 0 0 
m 6 14499 2326837 1202105 1519 5954 16731 
D 22 6 110 15 36 22 6 110 17 53
B 0 7 2 0 10 0 1 2 173 
B 1 7 0 0 2 0 0 0 0 
B 2 7 0 0 0 0 0 0 0 
m 6 3182 1782610 919499 2901 6096 8472 
D 23 6 110 8 24 23 6 110 20 40
B 0 7 20 1 25 0 11 13 5147 
B 1 7 9 2 4 0 3 5 3275 
B 2 7 0 0 0 0 0 0 0 
m 6 15956 1825190 911741 285 4464 20626 
D 24 6 110 19 55 25 6 110 0 55
B 0 7 16 5 14 2 1 9 2558 
B 1 7 3 2 5 1 0 3 16 
B 2 7 0 0 0 0 0 0 0 
m 6 10579 1717948 1317196 4312 6145 8863 
D 25 6 110 4 0 25 6 110 23 51
B 0 7 7 0 2 0 2 3 1760 
B 1 7 0 0 3 0 0 0 0 
B 2 7 0 0 0 0 0 0 0 
m 6 3628 409743 274094 827 2882 2235 
D 26 6 110 7 24 26 6 110 17 42
B 0 7 29 5 10 0 11 16 7163 
B 1 7 10 2 2 0 1 5 3929 
B 2 7 0 0 0 0 0 0 0 
m 6 17060 2522910 1438222 4138 7365 12099 
D 27 6 110 8 18 28 6 110 0 52
B 0 7 17 4 32 0 5 9 2904 
B 1 7 9 3 3 0 2 4 1648 
B 2 7 0 0 0 0 0 0 0 
m 6 16164 2563725 1320483 149 5074 12849 
D 28 6 110 7 39 29 6 110 0 10
B 0 7 44 3 45 1 15 20 11212 
B 1 7 24 5 4 2 5 10 8215 
B 2 7 1 0 0 0 0 1 422 
m 6 29222 3710955 2649159 8441 15846 24369 
D 29 6 110 8 14 29 6 110 21 11
B 0 7 16 1 45 1 7 11 2298 
B 1 7 7 2 7 0 3 6 1598 
B 2 7 0 0 0 0 0 0 0 
m 6 15197 2000885 1113372 566 6622 9265 
D 30 6 110 8 8 30 6 110 21 41
B 0 7 9 1 24 0 1 5 2050 
B 1 7 3 0 4 0 1 1 856 
B 2 7 0 0 0 0 0 0 0 
m 6 8864 1348413 755623 135 3475 7253 
D 31 6 110 12 11 1 7 110 0 1
B 0 7 8 0 5 2 0 4 1452 
B 1 7 0 0 2 0 0 0 0 
B 2 7 0 0 0 0 0 0 0 
m 6 5296 499284 351326 1057 1047 2691 
D 1 7 110 9 38 1 7 110 22 43
B 0 7 2 2 14 0 0 1 27 
B 1 7 2 0 1 0 0 1 492 
B 2 7 0 0 0 0 0 0 0 
m 6 3037 967598 746004 2435 2464 9802 
D 2 7 110 7 34 2 7 110 17 8
B 0 7 18 1 42 0 5 9 5369 
B 1 7 16 4 0 1 6 11 5204 
B 2 7 0 0 0 0 0 0 0 
m 6 19666 2633608 1308673 2055 6987 23459 
D 3 7 110 8 31 3 7 110 18 8
B 0 7 13 0 42 0 7 7 4954 
B 1 7 7 4 2 0 4 6 3099 
B 2 7 0 0 0 0 0 0 0 
m 6 17433 2593697 1277534 4355 8069 14791 
D 4 7 110 7 26 4 7 110 23 17
B 0 7 17 3 28 0 5 8 4866 
B 1 7 16 2 1 0 8 9 6611 
B 2 7 0 0 0 0 0 0 0 
m 6 19255 2138471 1353721 4492 8169 22153 
D 5 7 110 8 34 5 7 110 17 59
B 0 7 10 1 40 0 3 5 1955 
B 1 7 10 0 4 0 5 5 4486 
B 2 7 0 0 0 0 0 0 0 
m 6 15140 2073075 1015695 3050 4057 15597 
D 6 7 110 8 28 7 7 110 2 16
B 0 7 8 1 23 0 2 3 2951 
B 1 7 8 2 3 0 3 4 0 
B 2 7 0 0 0 0 0 0 0 
m 6 12976 1960161 1016846 318 5370 9907 
D 7 7 110 9 12 7 7 110 20 41
B 0 7 1 0 9 0 1 1 38 
B 1 7 0 0 5 0 0 0 0 
B 2 7 0 0 0 0 0 0 0 
m 6 2120 204579 134282 417 701 676 
D 8 7 110 8 18 8 7 110 8 52
B 0 7 0 0 4 0 0 0 0 
B 1 7 0 0 0 0 0 0 0 
B 2 7 0 0 0 0 0 0 0 
m 6 1075 48957 37448 130 132 933 
D 9 7 110 10 34 9 7 110 17 56
B 0 7 5 0 20 1 1 2 2078 
B 1 7 3 0 5 0 1 2 1196 
B 2 7 0 0 0 0 0 0 0 
m 6 8750 853801 577637 1710 1748 6136 
D 11 7 110 10 29 11 7 110 23 26
B 0 7 7 0 7 1 2 4 900 
B 1 7 0 0 3 0 0 0 0 
B 2 7 0 0 0 0 0 0 0 
m 6 7248 682270 501054 1639 2048 1925 
D 14 7 110 9 39 14 7 110 20 15
B 0 7 5 0 7 0 2 3 1351 
B 1 7 0 0 1 0 0 0 0 
B 2 7 0 0 0 0 0 0 0 
m 6 4594 258845 194582 215 2299 3056 
D 15 7 110 12 23 15 7 110 17 51
B 0 7 0 0 17 0 0 0 0 
B 1 7 0 0 3 0 0 0 0 
B 2 7 0 0 0 0 0 0 0 
m 6 3653 344594 224571 756 935 1111 
D 16 7 110 8 49 16 7 110 17 34
B 0 7 11 1 26 0 3 5 3426 
B 1 7 9 2 3 0 4 5 3714 
B 2 7 0 0 0 0 0 0 0 
m 6 15970 2158866 1120181 3508 8260 11811 
D 17 7 110 8 43 17 7 110 18 57
B 0 7 16 1 28 0 8 9 6270 
B 1 7 20 2 1 1 7 10 7970 
B 2 7 0 0 0 0 0 0 0 
m 6 21773 2769942 1362042 4843 8691 21058 
D 18 7 110 10 36 18 7 110 19 1
B 0 7 9 0 26 0 5 5 2262 
B 1 7 4 5 5 0 1 2 1713 
B 2 7 0 0 0 0 0 0 0 
m 6 14285 1999710 996141 3542 4906 11267 
D 19 7 110 9 5 19 7 110 17 57
B 0 7 7 1 28 0 2 3 2506 
B 1 7 4 4 4 0 1 4 509 
B 2 7 0 0 0 0 0 0 0 
m 6 15846 2139785 1005356 3578 5320 16058 
D 20 7 110 8 37 20 7 110 16 44
B 0 7 0 0 34 0 0 0 0 
B 1 7 1 0 5 0 1 1 63 
B 2 7 0 0 0 0 0 0 0 
m 6 7076 779825 488895 1661 2663 5498 
D 23 7 110 8 57 23 7 110 18 52
B 0 7 8 1 30 0 2 5 1888 
B 1 7 10 3 2 0 4 6 3649 
B 2 7 0 0 0 0 0 0 0 
m 6 15030 2090027 1069035 0 4573 14820 
D 24 7 110 9 46 24 7 110 17 9
B 0 7 5 0 25 0 3 4 1646 
B 1 7 7 2 2 0 3 3 3127 
B 2 7 0 0 0 0 0 0 0 
m 6 12049 1489582 726875 2624 3625 12231 
D 25 7 110 7 30 25 7 110 19 37
B 0 7 8 0 54 0 3 4 2417 
B 1 7 4 4 8 0 1 2 1614 
B 2 7 0 0 0 0 0 0 0 
m 6 16778 2153697 1013003 3504 5177 18346 
D 26 7 110 8 33 26 7 110 16 57
B 0 7 2 0 44 0 0 1 511 
B 1 7 1 0 10 0 0 1 133 
B 2 7 0 0 0 0 0 0 0 
m 6 7588 835096 587560 1814 2569 7452 
D 27 7 110 8 32 27 7 110 23 36
B 0 7 1 0 31 0 1 1 276 
B 1 7 3 0 1 0 1 2 994 
B 2 7 0 0 0 0 0 0 0 
m 6 6783 1994110 1026530 328 8251 10786 
D 28 7 110 10 19 28 7 110 10 45
B 0 7 0 0 3 0 0 0 0 
B 1 7 0 0 1 0 0 0 0 
B 2 7 0 0 0 0 0 0 0 
m 6 877 34757 24471 81 149 509 
D 29 7 110 4 24 30 7 110 0 0
B 0 7 3 1 79 0 2 3 630 
B 1 7 7 0 6 0 4 4 2415 
B 2 7 0 0 0 0 0 0 0 
m 6 19024 1602056 1069269 394 6512 13758 
D 30 7 110 7 36 30 7 110 22 37
B 0 7 13 0 51 0 7 7 4690 
B 1 7 9 3 5 0 3 6 2951 
B 2 7 0 0 0 0 0 0 0 
m 6 22736 2035921 1315665 4420 9059 18162 
D 31 7 110 8 45 31 7 110 22 34
B 0 7 4 0 45 0 3 3 1393 
B 1 7 4 2 4 0 0 3 528 
B 2 7 0 0 0 0 0 0 0 
m 6 14756 3435679 1630863 0 8067 17683 
D 1 8 110 7 40 1 8 110 23 20
B 0 7 9 1 24 0 3 4 2923 
B 1 7 5 0 2 0 1 3 775 
B 2 7 0 0 0 0 0 0 0 
m 6 11729 2484321 1374738 331 8479 21022 
D 2 8 110 8 45 2 8 110 23 11
B 0 7 6 0 24 0 2 4 2070 
B 1 7 2 0 1 1 0 2 3 
B 2 7 0 0 0 0 0 0 0 
m 6 11475 2124550 1119307 292 6753 30119 
D 3 8 110 9 16 3 8 110 23 9
B 0 7 5 1 61 0 2 3 1395 
B 1 7 4 0 11 0 4 4 1814 
B 2 7 0 0 0 0 0 0 0 
m 6 17798 1493494 1008053 3375 6438 17236 
D 4 8 110 17 50 5 8 110 1 49
B 0 7 7 0 8 3 0 3 1865 
B 1 7 3 0 2 1 0 1 986 
B 2 7 0 0 0 0 0 0 0 
m 6 5786 410892 343586 905 1042 3030 
D 5 8 110 9 34 5 8 110 23 38
B 0 7 4 0 6 0 3 3 947 
B 1 7 1 0 2 0 1 1 147 
B 2 7 0 0 0 0 0 0 0 
m 6 5891 322813 241214 548 1260 4255 
D 6 8 110 8 13 6 8 110 18 31
B 0 7 7 0 27 0 4 5 3050 
B 1 7 4 0 3 0 2 3 1008 
B 2 7 0 0 0 0 0 0 0 
m 6 9351 723048 471599 1592 2370 26321 
D 7 8 110 4 0 7 8 110 4 0
B 0 7 0 0 0 0 0 0 0 
B 1 7 0 0 0 0 0 0 0 
B 2 7 0 0 0 0 0 0 0 
m 6 0 903708 564756 1821 2247 19749 
D 8 8 110 8 24 8 8 110 23 47
B 0 7 10 2 41 0 4 7 3067 
B 1 7 10 3 6 0 3 6 3218 
B 2 7 0 0 0 0 0 0 0 
m 6 18520 3111793 1721977 615 8420 20332 
D 9 8 110 8 47 9 8 110 17 22
B 0 7 12 0 23 0 4 6 4189 
B 1 7 4 3 5 0 1 2 1472 
B 2 7 0 0 0 0 0 0 0 
m 6 14205 1903755 1057432 3581 5473 11805 
D 10 8 110 8 0 10 8 110 23 59
B 0 7 5 1 53 0 2 3 1214 
B 1 7 8 2 5 0 1 3 2956 
B 2 7 0 0 0 0 0 0 0 
m 6 11030 893083 566023 1739 2349 10030 
D 11 8 110 8 15 11 8 110 8 15
B 0 7 0 0 1 0 0 0 0 
B 1 7 0 0 1 0 0 0 0 
B 2 7 0 0 0 0 0 0 0 
m 6 66 10420 6157 16 25 25 
D 13 8 110 8 29 14 8 110 0 10
B 0 7 15 0 26 0 6 8 6418 
B 1 7 11 3 2 2 2 7 3071 
B 2 7 0 0 0 0 0 0 0 
m 6 23005 3151187 1785734 401 7721 31025 
D 14 8 110 8 46 14 8 110 21 51
B 0 7 16 0 30 0 7 9 6966 
B 1 7 24 2 0 1 12 13 9479 
B 2 7 1 0 0 0 0 1 9 
m 6 25209 3110142 1697710 727 9519 43347 
D 15 8 110 7 47 15 8 110 19 4
B 0 7 29 1 15 0 9 11 12283 
B 1 7 21 4 3 0 7 9 8411 
B 2 7 2 0 0 0 0 1 1206 
m 6 26406 2411539 1672801 5088 11204 44462 
D 16 8 110 9 49 16 8 110 23 52
B 0 7 19 0 29 1 9 12 5598 
B 1 7 9 3 6 1 3 5 3226 
B 2 7 0 0 0 0 0 0 0 
m 6 19335 2547542 1454705 555 6847 20699 
D 17 8 110 7 29 18 8 110 0 33
B 0 7 27 1 40 2 11 14 7882 
B 1 7 29 0 5 2 10 12 9149 
B 2 7 0 0 0 0 0 0 0 
m 6 21660 2143620 1524879 4934 10152 43811 
D 18 8 110 9 34 18 8 110 16 44
B 0 7 7 0 6 0 3 3 2948 
B 1 7 4 0 2 0 1 2 1426 
B 2 7 0 0 0 0 0 0 0 
m 6 7417 1391168 925483 2970 5831 21565 
D 19 8 110 4 0 19 8 110 4 0
B 0 7 0 0 0 0 0 0 0 
B 1 7 0 0 0 0 0 0 0 
B 2 7 0 0 0 0 0 0 0 
m 6 0 796046 568694 1943 4570 16392 
D 20 8 110 9 23 20 8 110 23 36
B 0 7 14 1 40 2 3 9 3733 
B 1 7 12 1 6 2 4 5 5427 
B 2 7 0 0 0 0 0 0 0 
m 6 19191 2279146 1231530 0 6447 17413 
D 21 8 110 8 55 21 8 110 16 47
B 0 7 11 0 30 1 5 8 4759 
B 1 7 15 1 1 0 5 7 6681 
B 2 7 0 0 0 0 0 0 0 
m 6 15047 2376498 1268495 2682 6107 19481 
D 22 8 110 8 19 22 8 110 23 43
B 0 7 17 2 22 1 5 8 8042 
B 1 7 18 0 2 1 7 9 7287 
B 2 7 0 0 0 0 0 0 0 
m 6 23144 1934131 1296587 4314 9094 24364 
D 23 8 110 7 36 23 8 110 21 27
B 0 7 19 1 35 2 8 12 5735 
B 1 7 17 2 3 3 7 12 6771 
B 2 7 0 0 0 0 0 0 0 
m 6 21624 2955663 1586722 413 8516 18722 
D 24 8 110 8 58 25 8 110 0 32
B 0 7 10 0 30 0 5 6 5613 
B 1 7 7 1 2 1 1 3 2314 
B 2 7 0 0 0 0 0 0 0 
m 6 16244 2000777 1150256 490 4972 15911 
D 25 8 110 6 30 25 8 110 20 34
B 0 7 16 0 16 1 7 9 7378 
B 1 7 7 0 6 2 1 3 2357 
B 2 7 0 0 0 0 0 0 0 
m 6 12585 582257 364109 1137 1311 17797 
D 26 8 110 7 48 27 8 110 0 9
B 0 7 4 1 35 0 2 2 986 
B 1 7 5 0 4 1 2 3 1263 
B 2 7 0 0 0 0 0 0 0 
m 6 5863 622531 378371 0 1209 12126 
D 27 8 110 8 44 27 8 110 22 3
B 0 7 15 0 37 1 6 7 5018 
B 1 7 12 1 5 2 6 8 4963 
B 2 7 0 0 0 0 0 0 0 
m 6 17747 2522518 1325005 417 5530 13402 
D 28 8 110 7 10 28 8 110 20 26
B 0 7 17 2 32 1 7 11 4251 
B 1 7 12 2 6 2 3 6 4828 
B 2 7 0 0 0 0 0 0 0 
m 6 22426 2985740 1630871 542 8311 15319 
D 29 8 110 7 11 29 8 110 15 13
B 0 7 4 2 31 0 2 3 817 
B 1 7 7 1 3 1 3 5 2374 
B 2 7 0 0 0 0 0 0 0 
m 6 12763 2196147 1120440 3842 6269 11984 
D 30 8 110 7 7 30 8 110 16 6
B 0 7 11 0 31 2 5 7 2917 
B 1 7 7 1 1 2 0 4 1741 
B 2 7 0 0 0 0 0 0 0 
m 6 15686 2405604 1295695 1061 6717 13257 
D 1 9 110 7 28 1 9 110 15 15
B 0 7 3 0 19 1 0 1 822 
B 1 7 3 0 3 1 0 1 913 
B 2 7 0 0 0 0 0 0 0 
m 6 12925 1774124 969838 3014 4836 14380 
D 2 9 110 8 33 2 9 110 23 49
B 0 7 14 3 33 1 2 8 3126 
B 1 7 9 0 5 3 2 5 2832 
B 2 7 0 0 0 0 0 0 0 
m 6 18712 1622586 1125207 3506 8892 12832 
D 3 9 110 12 38 3 9 110 13 1
B 0 7 0 0 2 0 0 0 0 
B 1 7 0 0 1 0 0 0 0 
B 2 7 0 0 0 0 0 0 0 
m 6 1098 105485 73766 249 698 68 
D 4 9 110 7 23 4 9 110 23 32
B 0 7 21 0 12 3 5 8 2717 
B 1 7 13 0 1 4 2 6 510 
B 2 7 0 0 0 0 0 0 0 
m 6 12622 2346162 1291014 626 6089 24724 
D 5 9 110 7 22 5 9 110 15 57
B 0 7 11 3 23 1 1 6 3872 
B 1 7 8 1 3 2 1 4 2293 
B 2 7 0 0 0 0 0 0 0 
m 6 16527 2197077 1159500 3905 5706 18386 
D 6 9 110 7 19 6 9 110 12 30
B 0 7 9 0 12 1 2 4 2961 
B 1 7 4 3 1 0 3 4 788 
B 2 7 0 0 0 0 0 0 0 
m 6 10568 1291616 844576 2629 4276 8606 
D 7 9 110 6 35 8 9 110 1 58
B 0 7 10 0 56 4 1 5 3484 
B 1 7 13 1 14 2 4 7 4300 
B 2 7 0 0 0 0 0 0 0 
m 6 20060 1596965 1159300 3692 6637 22384 
